   2.9608832604854286E-002
   2.9047514712097103E-002
   2.8134713234833630E-002
   2.6903231077104343E-002
   2.5396501346986584E-002
   2.3666295556796561E-002
   2.1770044623516928E-002
   1.9767945284705764E-002
   1.7720034577127262E-002
   1.5683411796117670E-002
   1.3709771395465621E-002
   1.1843383129372187E-002
   1.0119619760623737E-002
   8.5640908800463517E-003
   7.1923971912803853E-003
   6.0104764832448398E-003
   5.0154737032676016E-003
   4.1970358469577539E-003
   3.5389098981470058E-003
   3.0207100469533715E-003
   2.6197192388409301E-003
   2.3125992133944638E-003
   2.0769012145368778E-003
   1.8922944697603852E-003
   1.7414588652998242E-003
   1.6106192889748354E-003
   1.4897292003638594E-003
   1.3723377028910775E-003
   1.2551957702837820E-003
   1.1376719541154622E-003
   1.0210551844113864E-003
   9.0782218486087419E-004
   8.0094022295184165E-004
   7.0326361584385560E-004
   6.1706622701202028E-004
   5.4373395197861510E-004
   4.8362277662604625E-004
   4.3607113140539184E-004
   3.9954139915035931E-004
   3.7185559550580692E-004
   3.5048498591744970E-004
   3.3285279541158292E-004
   3.1661280945024974E-004
   2.9987377192340940E-004
   2.8134899706831653E-004
   2.6042131229193070E-004
   2.3712410841443950E-004
   2.1204877243544007E-004
   1.8619621137300164E-004
   1.6079493277609260E-004
   1.3710995102653281E-004
   1.1626569920158095E-004
   9.9102510707004655E-005
   8.6080703943638775E-005
   7.7239628596849645E-005
   7.2212051435450550E-005
   7.0287781044819382E-005
   7.0515147602441484E-005
   7.1825375361176750E-005
   7.3163294982994226E-005
   7.3608280646148103E-005
   7.2471572264726984E-005
   6.9359870798043168E-005
   6.4199749895531684E-005
   5.7222413856867764E-005
   4.8913053862481286E-005
   3.9932982647512476E-005
   3.1025456315871193E-005
   2.2917376758411677E-005
   1.6228845351537985E-005
   1.1400921746539017E-005
   8.6491984781777828E-006
   7.9473159040215055E-006
   9.0407607469279344E-006
   1.1487673433768740E-005
   1.4720349478709897E-005
   1.8118984495353589E-005
   2.1088185201941658E-005
   2.3126914676009354E-005
   2.3883783675391526E-005
   2.3191741065507078E-005
   2.1078959895322621E-005
   1.7755709528675283E-005
   1.3579883610261069E-005
   9.0062838596127187E-006
   4.5264739570077496E-006
   6.0684536253876078E-007
  -2.3675811566148517E-006
  -4.1371032988326330E-006
  -4.5942612853101507E-006
  -3.7912030126128196E-006
  -1.9274027818205210E-006
   6.7999548205607419E-007
   3.6389468853248534E-006
   6.5327176814385837E-006
   8.9711995447549391E-006
   1.0637095430631139E-005
   1.1321597729145731E-005
   1.0945642024636386E-005
   9.5646967904912491E-006
